1405733 3834414 20486688
79859409 19807688 47846931
44723521 48940997 65099778
45615318 4987647 75520896
38720896 94554031 31700237
4345702 23769516 62297070
10608792 60824443 74197529
87911787 64654973 29405829
90338527 48684860 55172513
89442275 17763025 42934242
5882173 77433849 55610061
10352546 49065215 5348057
54180043 70916373 38056926
53539786 47535209 60340979
66957778 77943818 36724456
511929 14056115 17923635
59037035 98002331 5219868
50981677 3070186 61008574
53797005 75647648 99700912
24281593 78840621 76906948
4600397 9461087 98699331
19681508 74623318 63655778
65807447 71683524 46661901
46131930 97750943 75109046
8949497 90340789 86702294
62483900 47403917 1199982
58907065 61080188 77536450
62097897 2302437 42353013
87655564 53282306 15036143
27602570 59926238 10451623
72069161 85612019 67159843
12652790 54560477 22419670
87016531 50472910 42157805
42040771 57118334 62649329
27218992 55581733 6800086
6645292 18273000 24149479
59417709 53539308 39501463
78200973 63761247 40938476
30158786 72575610 7565774
73855005 35521069 2152817
96217180 66958069 82834655
41143181 3708733 55649768
3966199 87913536 94050416
75262251 64784474 58445489
25813723 59545767 58326467
14311971 23128133 19991224
38205569 23387730 88070709
46894190 24152881 63061684
66957550 74111822 56877094
74491940 3069379 47445325
20832835 97623384 78708580
19806567 29006284 29827319
95063823 9839793 21160132
2685183 32714094 69964226
64528917 58266284 28892156
45106369 41016392 20249657
55199119 18657529 44477441
54815009 5371700 87848726
70916975 48174740 71520261
22109221 75006416 59932923
32072016 15977515 98638730
35265752 6007292 32825235
51881616 95959430 29921113
80885426 84206231 62401044
20830957 66059838 18651767
9583140 2560455 83894245
76027932 48683159 26583806
36675248 73086447 3268645
35393183 256462 15389540
78071132 29007207 45340180
71814200 95449786 54268993
4093820 85356036 59820856
51241534 75519491 93249860
16232499 89187524 31130262
53285091 61843638 23938718
2045268 15080924 62019322
78710933 44724379 63361403
11504124 76283838 54728007
41531883 94172306 58499103
53541603 78073528 69276779
24151691 43061354 30187639
56862314 54688483 26332865
88678966 73730544 91188689
71299139 28754147 87128054
42552487 67594558 42887043
91232141 35269829 74529431
29644029 10989299 13554651
7922195 4345251 16189559
40379081 46381915 4281544
73601177 64401167 58655681
88932315 36799893 20511315
5750956 19553377 68609248
3455798 99538517 54094206
28625721 76155919 52277021
42804027 260044 75592214
14571387 88165551 34699227
79989577 60057617 71054829
33352834 67849171 27200440
65421079 20447489 63564103
79221486 35654062 89882521
84972168 50602321 69684835
3194664 5626673 78212643
90082304 37312193 40802827
36931380 82929677 82194436
78197567 6516605 2914238
78069870 7796773 43861344
45362440 49834395 48054435
90850091 56606420 48845319
63504261 16742068 63579119
62869318 82673302 68267105
7667584 20065468 85388097
64658127 82415107 23751034
61463836 83057445 82107565
37182745 12653938 73854913
22361141 14058562 59050364
73857567 78580603 1751716
85738883 51879444 59454626
99411266 62870296 99110548
14824128 41016244 17762221
79989387 56864287 87848694
55198009 1759 29563513
8053336 60948391 9907918
15082434 87397892 17556296
57371088 15718513 40559410
66444549 42038603 20680758
10354842 87654087 28458367
72321750 35908048 63657929
73727574 41271899 19588512
54818088 57120453 98263362
75004424 26453379 72825924
27218095 40505854 29572079
98642536 27727068 4880477
13033791 15593343 84310867
52775405 85485624 90322725
88038032 38971041 3773752
3069240 45109152 87790273
13418380 36929725 55114092
34373461 41657984 66068166
77307724 83310833 45832387
78713860 93918468 87211131
69638620 37698725 94795210
33608943 77305840 51646445
20573472 33476737 2803245
39611066 23255692 16391690
45872529 32965630 2562484
88038534 47408155 72428048
64656295 51624683 72653793
9843164 77816529 44861880
72450922 59418205 61875580
71298006 9711816 17734340
77305618 47915291 5928212
62358978 95323510 79431908
68616769 43318144 51089875
20320161 71046054 70121846
96086822 23514810 76420622
38593290 97363636 8091238
58393509 19679084 33883150
53920361 1408293 46860334
33349907 18655082 3350712
99919401 13160653 279330
21341282 53157525 65325523
72830965 4349965 95417757
33737484 90210780 49124678
27732434 95066839 60529705
16615522 84204144 27324835
12012594 32204540 95824736
80115974 36928349 31987660
62995928 63123925 66885857
4089190 7539626 16959009
99027399 53668568 64490636
23896122 42680465 71037157
13546252 38590782 55211680
9587268 71939751 58101796
63764422 94300701 68950221
97239449 68363976 89593487
4221768 88294425 53200898
47406096 37822435 26505533
57630732 84587927 35114775
20576977 92385272 88589723
58524004 65424902 84700650
11249414 90340162 76164305
61078783 53922615 39291271
91999373 45236171 75114959
12139143 11629936 43322475
10222553 11756511 23184853
56350560 43573593 49453924
73854914 33991632 66708922
43701039 43955199 20655025
5751298 25301371 38380291
13033867 16870675 77593321
36417383 34116686 21007853
3963576 43828775 43330504
11884509 26963592 58041227
92256797 76794045 39842468
52901346 54692364 91560832
80757364 79351844 79097321
75386945 13032885 366201
95192942 32459179 80575115
8694460 98901224 80528990
80243481 32454851 7834419
68490866 74750070 46492995
79224367 84075029 4772677
49704850 18275267 62250948
22107594 47661427 34203258
94940984 92768367 84816447
56095348 49192803 2235926
51114574 89186418 12541720
8561707 15205200 3242407
92254448 37314402 77929490
51237360 5367073 10082737
68871152 23765931 2043975
86506647 70787110 13017332
74112186 62994842 44871523
57115610 16867061 16852823
34759867 93532685 45807191
45748276 92129106 78175055
67341356 82288323 40375993
82546614 86505536 52114533
89060514 43956839 48218505
58906776 56222965 46568075
60823153 52516499 29019776
32457730 56221772 26517324
43317636 42551919 58048182
23770789 83692381 16058682
11375332 59160341 22922626
17506863 32586802 78051229
42165275 2173415 21363906
29391866 67853052 92428407
8437028 67208894 3483136
75901953 78837753 28704472
5366747 4603655 64218293
3582043 73854585 28462129
78709040 12908728 61143149
67083871 49705222 24527471
12655010 91872017 52247526
15081058 64271460 26153779
87525077 7670944 76536988
67082898 33352011 54017010
22620785 82927976 53605729
6901264 25427110 4192017
36035987 66445055 50542945
22746878 54689380 41408744
59929638 67595423 57425098
13673668 32587847 95614544
81265659 32331321 79149356
23766205 6649093 82156407
1281168 57754106 10651098
24919440 61716915 41588904
42425208 75900052 46887646
41783096 21341903 63594672
44466781 28879111 39914355
73218002 66829883 75896200
20576285 80754828 36729292
37182836 14183375 9298808
7797311 52903510 91062712
88037827 35525606 78406176
30157509 51113071 63925497
59161714 45998637 4979139
14316350 96725986 28525923
56096823 73983128 41400683
99027300 52004675 16728396
4600473 10738419 91981785
10227274 91102358 1490595
66954030 14951182 28929175
77177693 45363463 67027956
24150832 28624141 49600859
43700507 35013875 67677847
52517327 42935972 70376012
12395290 21725271 64409707
51624671 72452109 79368114
21722032 9971834 92889572
19552777 58525048 82971410
51237611 9585630 44409885
24919478 62355581 38230131
89955907 60441461 79869996
47791514 73091820 93572656
79475717 13547185 54271713
96984655 81008512 5428986
28496625 53923094 47341824
90464103 11757045 32159791
10099098 84331973 28263191
31947200 65678650 54475992
29137171 82161481 56026146
7285937 48175280 80596041
37568459 52898195 1733507
59035720 75901126 64938364
53154923 21593709 730820
74496927 86885888 2239656
59803241 90724691 96492267
85224795 1537016 62824148
97496622 95703293 19993848
15719825 62610194 22543528
8689465 14950259 13416314
32843262 93407155 83508128
54176067 4091741 50414283
57884013 46514400 83473292
68490501 68615515 22242166
1534350 18016686 11247375
9839606 18017223 20272734
46385629 66702742 86521060
67980967 94812165 75191081
78453197 7922721 13185733
34758430 69381026 3283661
383525 3453734 64848869
85354499 33988497 14018977
13802399 48686117 76298912
82161850 62227929 40266614
12396932 49322365 32300813
29519411 64018220 64916393
4477071 84204652 35862791
41531062 80373759 74553550
98896851 7031979 74870468
54307976 73602657 89275527
79606744 68234327 58066391
75900121 48047329 77607231
87270420 22618039 36775954
97493619 45231872 2861666
68106254 53027127 21209984
42169312 70023274 60127562
92636650 18532475 90178510
71553233 4344711 7113779
21850801 26708770 70215167
17506726 30284243 33647762
11888599 95704222 35607551
35143369 96599858 56176274
72321408 30160054 93886886
61461388 41913909 72432347
17506825 31948136 81410002
55074858 77686549 7771667
2812865 31181821 86855679
57244075 28494669 21048602
74494654 48683577 33609132
94430218 98258793 20609408
83568655 84079447 79026003
52260131 15210094 85495865
57629622 65932157 20200847
44851644 54820611 99524514
72451074 61972869 48440488
7796543 39995734 45919827
49831939 6776443 75044210
77431483 15844699 13883865
89697008 4093262 75977730
1663279 37442742 87456223
70022426 45875226 78294109
88803987 27474844 60719003
94301928 89572410 57458323
47280923 81523471 70410311
30923532 40759750 1834857
66443576 25685392 50170297
77688451 39738581 18916650
80371072 29393141 89281977
92129290 81267543 63995709
55842607 96342110 19172932
514339 54560985 30957626
52772075 29518314 45580941
60185975 80884088 61718465
50216589 29138052 96968448
59163379 73982292 27350031
20956442 27602586 60195150
93535631 95320613 30742029
37952881 71427808 43810383
71300606 53410016 13974466
42932933 19299539 97321276
47788853 28368393 46211517
23638295 4349370 85417592
33606647 38716968 28536135
56348188 3707389 33061160
52390884 65292118 483609
64783475 41655296 20890950
91485726 2305630 96017764
55199423 23766857 17607257
53794207 28621662 7936306
36804595 99537829 42530990
95574452 2046808 40963704
32585602 57882829 26614912
18912824 40253212 78385279
33605750 23641089 51308128
88295426 70024705 84178379
40252707 69897744 97828499
131339 59930926 89242839
85735842 769357 45681217
99156267 72069397 89578471
97621248 42808828 80950451
87781566 23514273 67395263
8180638 53029458 60387101
45873411 47789404 37629050
22748695 85227699 50344544
56481070 89571516 42432865
20704522 88550440 61077709
94428059 61972480 41902565
83180736 6775755 63480994
40378929 43827251 17716636
49324047 60570187 95884231
47660312 15463453 48733284
27347153 62100013 37866049
25558435 63887645 17826015
41020433 88166744 54749978
85358399 99535797 8379166
10991009 42294621 28607990
94300377 63504753 25011112
73856176 55202066 68187758
39100460 31435238 51067904
47790343 53410823 27537715
33992232 76793122 24329607
69768035 65292983 15021664
72451530 69636861 8135212
48812209 48043509 13404491
26068760 50985332 64499771
74621918 40125978 87447088
70916952 47788179 17040475
75774902 90975243 12552437
57375087 82929706 82681839
3961128 2685239 33655286
74495650 65423349 58599379
12395655 27859826 88660536
38848943 99156313 72842519
29644470 18401186 31087934
96090585 86759551 26377344
39997419 74239622 57328047
98772286 60951671 65034878
73600295 49577393 23589115
24537223 80246737 87178443
98640970 1407306 30271825
54048332 4733243 94720162
83436252 6265873 83828808
29517845 37698458 90307741
18528136 17252937 59819814
20319644 62356835 59306109
4730390 46769791 80862535
40891641 71043247 22944597
60696543 72065876 30401024
23766684 14699646 96330917
54688338 23895850 38108961
29648446 85225818 18730577
7925943 67337887 23984840
70276239 16743023 79629804
30541239 58012240 54141942
75647342 94557970 97903010
99667732 78327064 35489037
97238742 56481427 95571615
39354600 7798924 80013201
76413289 82927317 42529916
88166421 49321317 14687077
58009969 15973245 26872840
8561274 7927769 98027469
60824742 79222822 58108214
70914869 12779198 31616086
80372349 50855680 32922254
95961892 71299947 42334203
96213774 9713427 44810417
41272543 30412220 37073554
50219569 79222912 59620844
44340498 53924377 68905205
38332369 7031683 69895596
4983686 8948369 71382493
1917054 7671873 92150691
87016242 45615687 11189430
51621075 12014137 58137741
39867061 30796363 50914014
8307552 38589409 32135669
55584187 48044464 29455176
88935379 88296541 88764510
95195116 68997597 1443399
22616923 18019342 55886767
60948539 12395354 22800919
58776646 16611702 20001404
65296134 67980521 87316243
74237230 17125703 68881623
39612085 40382025 95861723
96982648 47276863 13287051
45873563 50344068 24193958
10097821 62869434 84622914
54178515 45235277 60089501
62230551 84334568 71877356
22104979 3711122 95801691
23388283 97364980 30679846
33861897 33736424 72395360
70407205 70404938 32303469
39993253 4221660 86479269
65039090 42809307 89001004
1408181 44977950 30161906
44724836 71042202 5381282
93662530 80628459 60329156
56864093 84588136 38627438
26450156 18656963 34964679
44082382 10736059 52317265
22237990 91743352 37258518
6262809 32332160 93250429
14312260 27985356 50959599
34247041 64400691 50655549
78325637 11505448 98536306
93021163 38591525 67699281
45492129 82033771 57087823
79094564 49959655 5815608
34630467 66190532 67742178
18912953 42421315 10470401
55201354 56221174 16466738
33094741 25047414 65092286
95835016 86378662 67226862
16611204 11631518 69911149
27728686 32074203 52734424
73089271 50731613 95211832
39487056 86503269 14013064
59292551 97492449 25567682
28879747 50603607 91298637
54559683 9074912 50707047
43576018 90210899 51124711
82289494 60056990 60516840
14954083 77686282 3284198
92129708 88292869 27049206
36546038 48937624 8409767
84845307 65933141 36738935
93658934 20190487 39098783
35139127 25304564 92045042
58267264 45363016 59515227
77048749 25685302 48657667
36416509 19427368 98259632
31436632 74496862 85793433
71557962 83825014 97737866
39354942 13546918 49784244
89825374 14056977 32411269
1919593 50344846 37269804
57627197 25175182 65005415
89955367 51365681 14574473
35139203 26581896 85327496
62866528 35781772 88820844
14821992 5116492 93535164
40761876 37566539 20628755
74240058 64655899 44969111
6266078 87274243 86871200
8821184 81267845 69071423
11760750 94429726 89989749
29132617 5622403 6446753
26964472 72831387 11442519
64785847 81521500 37283714
84589183 56224367 70131489
15335084 38719148 65175395
44723293 45109001 85252416
74113813 90339831 70601188
86380326 95193710 45366955
3452719 47789764 43679570
29518225 44085118 56720011
72963938 91743529 40233357
98898303 31435743 59555439
95067898 78328318 56565015
90213468 94301894 89000972
15078724 25043922 6402242
65037402 14439091 12150326
31435256 51370430 94390916
24917547 29901264 39370650
47664615 87783974 63985529
33604868 8817315 16241562
10478761 22877073 95393098
67212336 61332830 28723250
51495309 45748622 97944328
34757974 61717034 43588937
22365558 88295081 64226290
56095295 48302032 63433258
56863751 78840142 68856395
3196519 36803658 83789670
12014099 57499075 19312375
9586903 65805196 33850967
71427163 32969868 73790550
69385339 75772252 46436693
69512428 64273428 59229955
76156207 57117437 47573450
27602418 57371574 23886715
88930498 6261574 11575515
94428097 62611146 38543792
74749045 29265820 96881577
58269096 76153440 10612468
78199772 43576040 90580653
29776417 88550768 66590405
17252951 60055112 28953294
28497355 66192204 95843482
8181269 63634675 61126519
9967539 20703507 71491335
78201946 80114458 11448937
66958158 84330478 3136726
11883779 14694482 9539569
36420941 93915992 45596999
94553962 30540554 46499445
45618777 63123060 52347802
27857683 52643135 9907381
38974899 68615158 16242067
43831382 87146353 84907617
80243162 27093418 92543162
32201051 37185113 52452914
8051177 24662078 31201075
7541430 47278837 46464069
81652278 87785913 96574302
48558609 80755603 49754717
54179032 53924496 70905238
61718964 76026447 23724764
91742230 18401064 29037480
91235448 90850578 64791429
68874368 77817243 56862078
77814187 5499886 94787181
35267242 31049722 14151433
7160414 85993866 42411431
98130820 17250844 24642763
41528880 43700885 41366921
59802017 70152923 91654658
16740680 40251003 41258616
98901017 77049941 45719246
2172334 3195539 20332798
7031029 58903818 6507859
66575485 95196308 89031541
71556981 67337347 14909060
94425938 26324833 59836949
55327812 34117133 28520582
48558191 73730277 86701220
38847795 79861877 61287364
16357163 36931725 88728092
41784685 48048226 92683110
42805251 20831812 80429823
12651323 29904608 95573258
95192250 20828735 28714684
26198928 91235261 87707669
45617842 47408515 78478568
71809251 12271943 96115889
15082130 82288564 44426480
24921409 94809898 37089612
48046665 66447383 89669641
66573873 68103424 5463317
7798284 69256721 61573173
36289359 29900965 34345357
85993266 32327231 10408726
9714760 67214148 91787114
37437759 3706942 25548431
16743227 83058432 98696074
81647861 13549394 91398376
88422203 53282097 11523480
73087340 18277296 96352351
99280581 13931148 65086913
62225556 383603 4764680
91106428 69895085 53138686
88167379 65422423 43036097
9460430 87657132 79635682
6137020 65680084 78577230
61719671 87908996 17746636
91485589 3071 51614297
71554784 30412368 39560990
75518033 68745254 55281892
36420333 83697336 99337367
85612022 67210264 26508726
257333 30028437 29283614
8051314 26964637 75604542
89188348 44979230 51674866
22874788 56989103 38147559
23642689 78199328 36113732
5755449 95067228 67067628
11500163 9711311 9246805
16743546 88419865 13987331
35139218 26834001 27488937
4089152 6900960 20317782
73725780 11120141 65132498
45873966 57117289 45086014
98774544 98901877 91503961
6135545 40889759 39412473
28754779 97750078 60570991
5880318 46256864 50033034
25300190 18531224 69152953
74238302 35142807 87154324
63633296 37949666 17393303
70277364 35650898 36705173
9459761 76413249 82255037
3195865 25811880 28570466
33988446 13161820 19893099
38081635 87912639 78974537
70534712 65931440 8150228
99794038 53668359 60977973
33606267 32330308 62123865
97364835 28242831 83374630
62226362 13930045 46548792
6521434 84075241 8335761
15719422 55836973 1651472
65423276 57372468 38912173
13548814 81650316 54810579
54948020 93403930 29305553
76795567 65422722 48061390
55200229 37313299 59391369
68875668 99666343 54982141
80624923 899604 87258899
65809089 99280618 14553007
26960975 14057308 37974386
95446998 7411077 3919613
87147026 96218728 92975305
91745484 73091042 80496810
98900173 62864833 7293907
52003733 896202 30081485
39737562 1790317 25086761
7923252 22110250 92300819
4475558 58775661 56807
14567525 23256917 36980265
38846974 66063330 77341811
38844541 25171899 9828034
60693464 20317123 19986388
66186912 6900838 18267328
96852564 8438722 95679952
96598804 38461696 33146925
28751928 49833321 30003717
98898052 27217186 25228291
17506437 25427020 2679387
1536494 54050894 47792777
27090702 46895350 43649001
60054849 24533053 10161547
79350901 63248320 10108975
31178265 27089987 34878345
41145340 39995046 34356611
20829277 37824078 54119434
70151309 64528160 45543385
80628899 67724236 74901542
19166713 12398341 73003428
82798131 18784461 30339918
96983378 59545973 61788709
45870796 3839099 99227483
52004691 16997308 58430505
10988675 3067083 8856453
41913051 58011941 49116649
76794016 39355065 15614179
87143833 42553977 92636988
3066845 4856387 16917723
32458688 72322878 54866344
40505942 31051095 37227444
32328748 35904945 11505808
1279716 33350342 25966127
43572574 32327591 16459246
3452894 50730989 84724264
38336018 68360426 29928637
6776821 81397256 96598453
96599435 49066913 33886343
8947946 64273132 54255083
52773869 59670072 36955
17510208 88806217 64954454
21977008 386172 47941863
49580110 69253734 11370664
53540972 67468311 68537361
41529853 60054096 11877382
9587017 67721194 23774648
18531656 76413577 87767733
86632360 36161854 34408077
89957511 87399889 51119875
36800239 26326537 88476077
96985598 96857513 91616565
30922848 29263762 62292771
77688322 37570478 86831528
13803433 66064555 97930386
72448778 23383997 25330178
99794859 67466906 44923526
84974540 90468525 86077599
63636588 93278310 65493860
77942188 9329046 26969891
93663503 96981670 30839617
14060606 93403872 28330747
23127035 1537138 64874602
68874961 87783794 60960269
96472270 59288405 27810627
43956304 39226760 6675691
19297740 67085483 76798106
3071475 82672797 59779570
67086608 95705981 65171064
68106619 59161682 45460813
63636968 99664970 31906130
20319948 67466163 32435925
15974079 40889878 41412506
34118500 51495751 53177316
27091409 58777899 37670873
388322 84076913 36437065
13544876 15464350 63809163
12906702 27092167 71517605
50602554 73600866 59174190
2430663 49963748 74606659
19423392 31435000 47067838
15210633 94554838 45263486
17382739 93918381 85748922
90722318 56609256 96509971
95834712 81269334 94097046
49832661 18911097 11227523
24155021 99028664 74929423
47532805 19936951 72886525
96853195 19043939 96419370
76537565 24150402 21397131
94297435 14058559 58999943
90977773 55074147 65736772
41530986 79096427 81271096
28367605 32967601 35689081
3710394 83566195 42734227
65169638 89445896 78621172
54563317 70151550 68578647
80754110 24661866 27637991
77563833 92767502 70278392
19040924 45746265 58330229
25173291 33223378 39565826
13928431 19422294 12980914
2812690 28240596 45810985
37569607 72192631 13288662
81396648 86379797 86302807
70025581 98901311 81991199
9331942 75642963 20960117
20699968 12011362 11498316
70659817 21087528 83281341
63887778 20061346 16109643
79475276 6135298 36738430
48174020 59419221 78951492
69892562 10734625 28216027
42676687 7540311 28471804
74622929 57117855 54598776
73471123 26067236 25371464
79861629 57119228 77674787
52898936 14187494 78526841
21086055 58524630 75946084
53154505 14568383 37677323
78457424 78965910 35155524
19549485 3196404 34870853
55330564 80369997 11325616
19552716 57499821 31850397
39226743 6389972 22077054
60948098 4983467 5267636
66316966 45234769 51551545
63889519 49322333 31762989
27344150 11628592 20733867
91488706 52390490 58670160
21596357 45235756 68140054
43062462 48809795 7471411
54689851 49324841 73914945
97491863 15718780 45046879
33481588 84334002 62364594
34626719 3197896 59946897
5496877 44214918 90784964
98515295 36671228 5522307
89062293 73856492 60513078
34243658 7542610 67111097
51623196 47661784 40203357
73602766 91107490 87744119
88807864 92635583 599406
22488671 9971625 89376909
19170476 75643082 22960150
19044018 97747123 10906306
51495111 42420836 2419848
15207463 41276648 99404955
44979531 56733773 41783543
32968131 44596791 66473534
82032815 41020331 86452430
53158618 83695574 69723433
11373515 28622022 13986826
50599931 29516105 8454278
11886934 67720567 13236659
80625592 12143487 84639544
34376692 95961401 63047710
34759677 90339355 62601056
1536669 56992119 88837471
47023400 48301704 57920562
36543955 13928643 22985378
28753266 72321087 24765007
73857111 70916611 42056992
51748392 4347309 50778365
131453 61846924 79166520
77304858 35141971 73103672
78197453 4600607 12990557
4984180 17251027 27718444
50091469 73729859 79675894
37312852 51878640 45941798
44210558 17506444 25544669
24788702 11886996 68762601
76667794 65425558 95726042
54053547 92381748 29361855
88930787 11118797 42543890
57756232 46382780 18819599
99029695 92257440 87600946
44592912 1279181 24358597
15206520 25427647 13217376
48426586 9328689 20969792
53665438 11884726 30610711
32585526 56605497 33332458
12397472 58398145 97596336
12524386 43958096 69344904
5243961 88423000 66677276
13676823 85613932 99311634
88808001 94938142 45002873
98131816 33990616 49633010
59414744 3706553 19010508
33865090 87401175 72733677
13674124 40251839 55309268
83952499 92894614 59166129
85098679 29389051 20541347
73346505 79096157 76733206
57755183 28752237 55026684
37055907 28371319 95388799
16228584 23388119 94608632
60820766 12398190 70465571
32327889 21467732 30919028
92509409 27476635 90820340
29004631 2045348 16425484
53669840 85869140 93625196
74751873 76796016 72969065
15845652 29900936 33857954
92894743 61334232 52286664
2687897 78328292 56128033
90081673 26706976 40063409
67339410 49581901 99355071
77051197 66828838 58332885
17381606 74876050 16355208
30924604 58776854 20107558
36930749 72324460 81455018
76025507 7926184 71388374
54435407 67851827 71839832
79097035 91489752 69970612
33604754 6901317 26317881
96854799 46002367 67669249
80116514 46004129 97283183
67339387 49195340 44875285
46641981 80243512 32975868
40762910 54944977 42260229
76920208 12780362 51179434
40250928 39998091 85533926
55840851 66829018 61358145
65297008 82669839 10064464
82288004 35014560 79190642
59543042 12527392 94479938
49320945 8434873 30989809
4984028 14696363 41153536
4728915 21979466 41697778
1409390 65297613 92838074
80501331 71172507 47933770
74113904 91869268 6045083
64014852 8310417 86741464
53411838 44596820 66960937
16870217 69895715 63727096
12906337 20957612 47266776
59163303 72704960 34067577
35778502 33861954 34694423
19422875 22745781 36252101
27088634 12138474 386053
37954295 95192906 31854127
86763372 90596891 96041314
258481 49322873 40838769
76540241 69125934 10919711
59544129 30796601 54914080
39487520 94301717 86026133
47277403 22362831 42462392
84463295 87908398 7696050
84206084 59930415 80654462
59289130 39995702 45382003
15337623 81392121 10294508
75643761 34372103 18834078
13418129 32711168 20786944
67592744 12399145 86516256
94299784 53538202 20912921
6776205 71044144 38020476
36543788 11121874 94259029
5495060 13676599 81849164
26324998 62610104 21030898
54303711 1920802 70664509
68108018 82674675 91343116
3838091 82286027 1787121
35906967 45489562 38890202
11885505 43703364 83031474
85099295 39742163 79119324
63506268 50473717 55721054
24280848 66319406 86243849
514742 61334206 51849682
91233920 65169482 86824004
47664425 84590644 80779394
81647952 15078831 26842271
52515145 6263098 37189383
49069329 74492055 5002184
86248729 30926578 91953872
34756233 32456047 27935591
64525990 9072195 5042428
68618814 77688459 39873037
24150794 27985475 52959632
26960420 4729423 30517422
14568825 45106017 35100328
37185193 53797474 83530131
84718218 77431965 23945673
2815465 74880021 83095805
33221906 14825922 71168002
44085864 69258033 83623957
12523390 27218324 44354657
95066461 54176659 14041485
37951961 55965368 12102590
97621879 53414045 81689869
44337837 9200950 21544066
4983549 6645810 26979026
7797387 54180842 84345166
93407189 84079566 81026036
29390163 39230731 73416288
46768287 55584807 58464804
14186395 60055948 43003946
51365483 11246687 44507473
1277808 1282586 81586432
31815770 4218287 29789258
260435 82163751 94178036
43318875 63375792 5047232
16867807 29390845 50693105
92637851 38717682 40536333
82032070 28499116 95789331
40759945 5112222 21769274
35776936 7542192 60085771
75773085 60436924 3616637
86630756 9203426 63158198
35908632 73473217 61261094
70019765 1151799 30932970
52264069 81396060 76497281
56988483 27727219 7418334
79607854 86890097 72980319
75516771 47534820 53803056
1661956 15207081 34856374
12138740 4856715 22430419
88930597 7925467 59337755
47148406 1793899 85289435
58397242 82419615 99516990
27857303 46256475 43495111
89185885 3583589 99838207
38588607 18656455 26426723
23768516 45490070 47428158
97878383 69509479 14709585
55327873 35142360 79641595
13799966 7794686 8785135
66446982 82930034 88194535
56481131 90596743 93553878
67724151 73472947 56723204
16871403 89828817 71923478
15337167 73728129 50599784
44978710 42935226 57837990
27600046 17505370 7493951
8692027 58009793 13015213
24406287 27089032 18827660
24410035 90081668 26622941
61335181 68236507 94705651
94685255 89698358 26782712
64657154 66061896 53240573
6648470 71685646 82326355
44467085 33988439 13044171
54564389 88168654 86851348
54688034 18786522 64979145
24022230 14693974 1001613
21722351 15333267 8180829
62864498 1663562 42199123
57500640 45615330 5189331
99284154 73982559 31837500
7922621 11505033 91561401
7797060 48684953 56735564
23638903 14568026 31677224
55203802 97364710 26141956
55709976 14696540 44128375
25559834 87400638 63708318
34121275 98135176 90462136
9074343 41143864 15187914
43188099 12907207 35579702
98390236 82288262 39350766
49069466 76794614 49405651
32327372 12778513 20103291
58650439 42934300 42274708
30032579 98898208 29839078
27346157 45360241 12875802
57501370 57884440 53690989
46766888 32071814 12582501
24149684 9329705 38045704
35780775 72064265 3324947
25047943 73983189 42425910
86630566 6010096 79952063
85102260 89574918 99610279
69381614 13166177 93121198
71046679 80626221 22715090
37182821 13931270 67137367
74238530 38974803 67001686
27088961 17634363 27995655
73219416 90594981 63939944
34630178 61333309 36773803
5883412 98257722 2609111
23255196 8055418 95940565
77943549 32203373 76210967
42805783 29773136 33407001
52387334 5627268 88212808
10350045 7030908 56870171
81136654 11627933 9658054
27987988 95195623 77518746
21599223 93404618 40868769
53156436 47022700 36536804
82798610 26835014 44514428
7926612 78581770 21365485
88296574 89319141 95733534
28368426 46766148 19634634
85994475 52646894 73084894
88547612 13547513 59784409
5243406 79095115 59220312
61206328 50087783 11779257
13294195 97236077 11690772
79735171 79223269 65620943
87781946 29900933 33807533
14570893 79862893 78363276
32075589 76028926 65389317
14188630 97619593 14993243
46001496 53030352 75412559
26960306 2813425 40593741
14315126 76154218 23688314
67721171 23388087 94070808
92635981 7288592 92797865
70791490 86631992 29976878
40763366 62608969 1954953
5242144 57884681 57741476
55965796 19295986 37606005
61588933 38079077 44920333
14315050 74876886 30405860
20447250 59547230 82915108
61460696 30283465 20571916
24536721 71809623 18524147
59289860 52264812 93883661
8183010 92895662 76779865
33352720 65933173 37276759
73091871 94429813 91451958
2048400 67720448 11236626
97747394 15461003 7556134
72580953 97365575 40680011
78458207 92125791 22459850
36672595 28497476 68225851
33352317 59159952 16384703
98386716 23127622 11402847
44341319 67722924 52850758
82288612 45233216 25450274
73087066 13672178 7545417
90593868 45233753 34475633
78199118 32584262 35361449
94169829 16868164 35390944
97366956 63890478 65440246
5622567 9203101 57695923
19427064 93150304 61580665
95579880 93275204 13291318
23771230 91104268 33591965
54688627 28753073 69077336
26578758 32587130 83563925
39740565 52261738 42218943
5496915 44853584 87426191
52517038 38078749 39407637
29902259 56093615 20066272
28621266 1280734 50459868
5751952 36293149 93599495
49197224 76539673 59579558
24410073 90720334 23264168
1405680 2943643 81684020
61334717 60438059 22692582
14566514 6265040 69828577
61590750 68617396 53856133
92640892 89827769 54309742
47918732 63761099 38451040
76924032 77050330 52257169
2175854 62356179 48280717
88295388 69386039 87537152
74368850 81779396 76774492
70022517 47404663 13738004
77303923 19427426 99234438
21850208 16742219 66116976
97878292 67980042 79265690
1919061 41403522 84292626
53795317 47277432 22850234
24790686 45232084 6424750
45364029 76540718 77142873
62737546 15464945 73809328
5241969 54943456 16696782
14953650 70408851 98069260
68745044 51752422 72079519
40635380 59031914 11933684
74494692 49322243 30250359
73599208 31308184 63154973
99408780 21088094 92794103
69258691 94682963 51176714
50603451 88676745 36402197
48682885 21978688 28621932
44214861 89826965 40796914
63377727 37568777 58242821
9456241 17252609 54307118
17888738 8308986 62690647
64271394 25044517 16402407
40508755 78329186 71153491
2428063 6265548 78366533
22489226 19299510 96833873
7668040 27729460 45082821
32966010 8949144 84407918
33733409 21722255 13719795
6773164 19934057 24247067
20064356 66698713 18805657
48171496 16998353 75993820
73982193 25686138 62708319
9713498 46003714 90308278
92512199 74368165 70266601
14571098 83308328 3730852
70405616 43698615 3215031
26837771 90851327 77379872
70279067 64273219 55717292
97107768 2685056 30579605
92383217 54051338 55255085
43575121 75135020 73896704
88296110 81520693 23720465
18657194 38847096 68113784
37566665 22746437 47277493
45490084 47663456 68304661
4189 70404523 25328564
93019270 6775874 65481027
74236926 12016375 95751807
50472576 36544267 19172427
76796274 77305271 42083262
78329879 82800742 62667538
73087507 21084065 25078700
20320062 69382161 22359606
60825966 99794590 62945823
55071285 17635138 41021080
76922481 50982673 19809958
71553811 14059157 69050529
55200130 35649406 11629129
42293968 17633019 5407047
87146448 86504282 31038555
49324237 63763517 79090366
99667960 82159060 15336399
50727560 27093061 86543063
81397241 96346348 90400998
25938744 13290067 27856781
53028450 43445645 46515535
89319086 94809149 24501169
74239062 47916127 19978864
92252517 4860085 79070009
84970427 21341334 54031489
49581281 88934731 77405605
3706167 12523006 20764436
47406499 44595656 47397589
36548030 82417168 58390261
60053975 9843735 87413326
75898190 15593012 78747750
18785484 47533479 31264869
93407455 88550228 57514625
56353221 88297020 96815063
3579078 24021830 7971174
30538084 4986155 50444852
75005876 50857143 57510895
74366417 40887965 9260715
16230492 55455875 38988327
63125731 97239299 65842926
67597214 87526435 30494850
61336610 92253710 24910836
36037021 83823493 72174419
6266306 91106239 66718562
91998225 25941735 63559804
95320373 26708349 63139420
53029142 55076089 98375966
46897763 84204292 29812271
97109874 38080598 70483780
79604220 25813459 55108719
38209431 88296364 85789671
43827976 29901711 46883379
79223911 76411037 45077953
60693943 28367676 34160898
37314920 86635516 89204746
90975287 13291945 59420327
62227358 30669817 71539039
48300706 41147176 70852698
10481718 72575372 3565708
72833215 42165715 9568495
27730351 60057858 75105316
81776265 24151775 44473142
90850015 55329088 55562865
18403434 68870070 5580757
85991358 259475 66029031
72193703 31305766 22515647
38333441 25048787 88168297
38973371 42934062 38274642
15589718 23385492 50456643
40252228 61847191 83653989
11117946 28241133 54836344
67466134 31948522 87897504
4730656 51240453 57351124
16870065 67341051 77162188
90213521 95192665 27803640
4733393 97241212 97994717
1790307 24918691 49128472
9203941 71813803 88777407
46765953 16357269 38713267
76408971 10354691 85116230
94171859 50986374 82012665
48045418 45489054 30352246
67469342 85865378 30397262
82286932 16997456 60917941
33737385 88546887 1362438
42295808 48557899 68822633
93402787 10095152 18011551
29137916 94682696 46689245
40505273 19807212 39846799
59032983 29900367 24294771
91618836 92001753 85236831
1023326 19170906 82870092
85483352 52137221 96945371
66700141 42806053 34311026
68231085 3578097 7534163
48815060 95960266 43971765
59800983 52774485 70023184
70021468 29774120 49945089
34375848 81776293 24622371
90208762 15208152 52856671
895507 18400620 21575172
94424927 9332956 92685261
89445179 66570553 12304184
16870620 76668936 84619152
68359436 13289707 21806261
60821929 31944731 24182167
61971074 18271923 6048340
8437416 73730010 82213751
73982649 33350130 22403043
29391592 63247934 3621473
71813318 80626012 19202427
89314076 10606079 15227052
73343616 30540734 49524705
66826272 15206123 18755268
77559165 14312426 30775318
24280194 55327628 31024645
7668823 40889341 32387147
78969277 91744693 59796705
45875958 90596833 95066508
53411207 33991603 66221519
56860079 17124838 54343568
32841574 65036939 6657450
27727363 9838542 134575
14569015 48299347 18306463
16611029 8690293 28866455
17889787 25939529 26483562
66571851 34119670 71159941
49833368 30793646 5249395
79092390 13421237 84947324
51368273 58138217 23953734
7924932 50346010 56833152
32583504 22621743 99029082
71810452 32457150 46473712
25302083 50346875 71371207
29519122 59160997 33948018
63503744 8052849 52763382
74623522 67084406 58696967
16486046 55584659 55977368
37568900 60310082 19266790
44469480 74241204 83916721
36546882 63122732 46835106
10737371 74368049 68316989
71814352 98004450 40833901
72576673 25431615 79907552
26580111 55327001 20486656
27987927 94170396 26397733
78325865 15337444 78383668
8821450 85738507 45560012
52262077 47916516 26516787
44085058 55711591 41839845
57242760 6393464 80767098
21981083 68874697 83346746
10095677 26835226 48077512
53409846 11117276 16980443
51112415 52900105 33834877
35910046 97238315 49304838
42424501 64017503 52865774
85099827 48683487 32096502
27344819 22872475 18114512
23131338 73857659 80126847
10099691 94298524 32361382
71044543 44726469 98488033
84717131 59162756 63511531
69768704 76536866 12402309
49833832 38592094 77262464
80885996 93786221 12019449
58521936 30668026 41437702
53156018 39997374 73483307
29263629 60057440 68079990
85868686 85994818 58411695
95832431 42932567 13148177
17123034 24023740 40072544
38465152 91231917 31505061
15848100 71044472 43533172
91613636 4605353 92756579
58906928 58777629 33132983
67336536 1278583 14308011
53921053 13038737 98720765
96469997 21086094 59180103
76923857 74109105 11212475
98257947 6390686 34077252
61589967 55457515 66551807
7032086 76668817 82619119
32584629 41529618 56104451
1408797 55331062 88739883
82416218 42423611 49059273
48558267 75007609 79983674
71683363 43955974 33680450
86120226 18660304 91116866
46386009 73089402 52933330
17251598 37315241 92030563
68108071 83565446 30145784
76539519 56991280 74736398
80246963 90976825 39141111
92384441 74623106 60092694
96596782 4477942 98843549
32713938 67342334 98725569
9839994 24538339 99003349
89059655 29519626 67631725
55965393 12522765 16713949
62997684 92637017 24700644
90212761 82419345 94979100
42804696 11503927 72972859
28368008 39740822 56581137
82672228 50216387 25743038
67083088 36545341 37223145
47025544 84335912 94465964
74749349 34375148 70011393
5112227 21853309 68860726
13419429 54560268 18907007
57247101 79352651 92660570
3578067 7029953 40819486
68619004 80881789 23079172
50343100 7924782 47824960
85995547 70663998 91357595
23001018 31053066 70354041
93021566 45364746 88591337
11632110 79860893 44749276
55586407 85356004 59283032
6776266 72069371 89141489
49579540 59673744 61752259
72448413 17249442 1079349
12522303 8949115 83920515
8818751 40376414 1557646
75516353 40509494 90749559
56991068 71173314 61497019
52262153 49193848 19799241
89569516 8818865 42292412
21214459 69127011 29020850
22366189 98900298 64965708
5625798 63506518 54675467
64274663 79986600 10023178
92635905 6011260 99515411
94299959 56479427 61957615
29009550 84718981 90255706
90591572 6644881 11365323
61076244 11249642 94172158
35265562 2813962 49619100
36676244 89826219 28258892
33351823 50857294 60048752
22620367 75902650 90552232
46130166 68103395 4975914
26707276 45105509 26562372
38847567 76029881 81440002
87397243 6648553 73080627
24278529 27343973 8653753
5116393 91871271 39709504
72959810 22364233 66025806
45234796 52005334 27804209
41021026 98133295 58848169
15719065 49836874 89718988
99794555 62357578 71793710
20319028 52003723 728132
44470187 86123753 77938593
37696620 59416475 32799470
12781810 75515970 34072413
9586675 61973200 54003605
34883284 20318557 44087626
94810641 49577213 20563855
85100420 58650038 36194693
4473878 30539901 35524474
97624631 99666909 64494903
80752924 4728764 19441609
1409504 67213611 82761755
79093211 27219784 68892877
29771863 12011690 17011012
12780890 60053530 2364620
63503668 6775517 59480928
50598502 5498902 78249093
61459495 10098258 70214093
14185346 42425405 79211031
14695093 19808646 63948037
74878042 49834752 54054534
40124219 57883575 39152934
94426151 29904724 97522870
21085880 55583405 34901390
40509477 90463840 7336804
56992345 92635853 5137296
31434944 46126646 8942755
20960190 90595222 67990431
64525557 1794764 99827490
41531655 90340310 78651741
31944980 28367110 24648136
63892119 93020533 28003115
13674755 50857056 56048686
57627600 31948403 85897471
63764650 98132697 48797583
20704902 94937100 27489979
86251329 74624778 88193998
49960419 18656156 21401430
24660617 6646048 30979092
75135968 89829740 87436339
74879281 70658625 1053584
43447994 85995178 64462215
89188462 46895228 41598547
66573280 58136873 1365126
96857133 85229905 87420786
98132447 44595833 50372428
98899679 54562175 50957956
79602996 5241691 50271110
70025254 93405422 54381597
99410171 44466631 26358061
3069217 44722591 33310487
93914450 19680605 59446597
81266366 44213870 73171228
94555855 62356205 48717699
66314594 5368565 35158781
95064363 18915573 86455655
47791035 65041267 79398146
33478760 36803806 86277106
78328237 55203648 94776432
23510537 4604311 75243685
33222271 20960477 95418831
44596219 56859930 14620595
9842001 58269988 91145284
26706075 24920302 76204549
41398621 1921519 82715128
29132602 5370298 64285312
91361480 61586755 1473431
78837429 23259004 72056474
56863979 82672138 48703757
33096079 47535180 59853576
28623083 31819053 59395668
90080601 8689872 21790708
23511282 17125526 65906784
49706758 50343023 6630643
32201720 48428996 49833559
49451227 50600800 44121388
40379119 47020581 922771
39485239 55964950 5077264
53155121 24921495 96255300
50726009 1025404 54095852
37437987 7538938 5395793
21977966 16487278 76290883
65293108 17122539 15704275
13164681 67977926 43702078
51113221 66446547 75618989
21980064 51748364 3876713
82288308 40123888 52320458
22493316 88040140 74400197
81266328 43575204 76530001
50726085 2302736 47378306
63504930 27985951 60959764
11757861 45874303 62781248
53925371 85611363 56134451
1026648 75003760 15293531
26582369 93277207 46955739
64526507 17761414 15858165
39229533 53281502 1523315
17764021 59674014 66290149
42805730 28882365 94604333
33989191 25683035 10556198
63764285 91998142 24546754
88036428 12012613 32523873
21722047 10223939 35051013
14694439 8816868 8728833
79731134 11373410 26857287
31177041 6518219 30040736
30157851 56861065 33696540
4474684 44086343 77308586
18016663 10860814 1590903
11630141 46767910 49248568
67724493 79220941 26494247
70916207 35266964 26377376
14316449 98389879 76288163
60181330 2815573 76695177
90337645 33861086 20105947
93535441 92127283 47535894
24410301 94552330 3111530
80373193 65040788 71347593
20191468 55586450 86078705
36673317 40632130 4409164
74109624 19935308 45272624
15849385 92641467 99491794
59033021 30539033 20935998
66570110 4858683 55506595
21343137 84334510 70902550
7285306 37570063 79856623
41015499 5241006 38758315
60952325 76026656 27237427
11500034 7543208 77161683
54049647 26834448 35001666
6007772 40892595 87077125
64783513 42293962 17532177
72194950 52264095 81833042
18402096 46382304 10819467
10861913 20061796 23672793
70915211 18527192 1387129
43191543 70790515 70245167
15720342 71299413 33359265
67085840 82798205 20028179
69895048 52516827 34532472
21981463 75261357 49759016
2305482 93530328 6193092
98130630 14057514 41436628
45237510 97619532 13968016
75515965 33988378 12018944
36160742 15718693 43584670
17507798 48301347 51920463
61207537 70407446 74455425
96213797 10099988 99290203
30541064 55071015 13097248
89830460 99537379 34967840
95706840 79608277 93999458
94299708 52260870 27630467
42805365 22747810 70353504
72961992 59037107 99212435
31945383 35140331 45540192
86762239 71554560 26647600
28878751 33863835 66308390
38846533 58651443 59808528
59544395 35267263 31402669
85352705 3836739 59562963
87402519 95322285 58843333
42296956 67852335 80377788
48941153 67721670 31774780
38205622 24278501 26873377
43187947 10352543 49014794
3194793 7794776 10297765
52132852 23515588 89496468
98132698 48814390 84699576
88423123 68744537 43231273
25049266 96218850 95025759
41783111 21594008 5756113
43061679 35649914 20167085
51109450 3067350 13343922
10098277 70533426 44317638
57118309 62229154 60855189
9971994 95578692 73308488
57757479 67341109 78136994
12267912 28366872 20648070
30285685 57883456 37152901
91874329 91105310 51104859
83052879 5366803 5544847
30794117 13165492 81608403
25046430 48554198 6619926
35269021 60949375 26446006
60952173 73471992 40672519
85099120 36800938 38074630
39615065 90466885 58514119
32455647 21212791 41092935
96088160 46002576 71181912
95962272 77686607 8746473
51240462 57502387 74977159
65420068 3455612 96412415
36803888 87655280 48509118
97619218 8690618 34328730
78710606 39228490 35751801
4860786 90851716 83917795
85482888 44338773 24932302
48556815 50603845 95298703
70148534 17888735 8258565
63635288 71429210 67373797
9969409 52132597 19229803
82413831 2305302 90505068
15461352 13421777 94023104
96471031 38464532 80811577
86124179 85098375 24279723
49578506 42295306 40120785
46897056 72321743 35790399
81775216 6521232 80680227
37184372 39998927 99584578
52135429 66827227 31256808
65808960 97112515 82467885
19168872 48684654 51710271
47665109 96086632 20321480
51111594 39101558 49889324
95833009 52647013 75084927
27217061 23127416 7940605
57503628 95834646 80160072
26580096 55074896 78325215
66700407 47276715 10799615
82672175 49325616 86940370
24532631 3068993 40957823
18276847 88806008 61441791
60697919 95192308 21803541
8180562 51752126 67104647
41786616 80502543 91542591
46000120 29903920 84010042
42936620 81266948 53995544
58138054 21214193 64656349
97235663 4732674 85156979
53028891 50857532 64048818
3072486 99664674 26931258
55967712 51498198 94304045
69769723 93663199 91872342
80757516 81906508 65662229
38588303 13547127 53296907
9457716 42042934 93471875
56986917 1407457 32809682
43575486 81269575 98147533
91107211 83054966 40443012
23132524 93790761 88323229
11755314 3066874 5343790
16998203 73472770 53748365
24153949 81011560 56656722
81008706 8689544 16278012
16488380 94812197 75728905
45234743 51114563 89001541
67594424 40634905 51048589
20062159 29773734 43457587
2556543 18145261 24723753
66317825 59671982 32138325
72195999 69894638 45625957
88039735 67593362 22785871
44977372 20447460 63076700
95195215 70661490 49205639
40120912 2302826 48890936
85485047 80625086 3639145
18912839 40505317 20546720
13163784 52902047 66474071
17892258 67469626 90638566
32586674 75899933 44887613
73470325 12655250 95905697
20317120 19935967 56348437
62356340 50986644 86550555
50343982 22748556 82891526
85353275 13416729 9181368
17888259 258433 48516137
87274822 96602453 99790439
88037538 30668383 47437801
53413503 72580475 89331829
29006258 29390337 42155149
55455038 24920868 85717311
61079794 70914492 6442959
57758779 89190209 76257057
43445128 37826316 91733500
24152801 61717124 45101567
43064264 79096009 74245770
64530521 85224712 142035
53538159 20190220 34611314
62358347 84718293 78692490
18404719 90467065 61539379
81907543 83057474 82594968
88552371 93532026 34731378
52008135 74880616 93095970
65038991 41145414 41238764
52900213 35650033 22167118
47021393 14570055 65778627
58525357 88164773 21623381
33991183 59162579 60536692
52387501 8434037 16939157
86121792 44980066 65725518
87654454 34626536 122215
36674754 64783789 46932694
31693007 88424193 86728027
34245414 37055702 24925884
53664883 2556841 23153747
28494907 25048668 86168264
19294068 5370179 62285279
19554305 84206144 60938835
18531960 81522905 60897549
71811349 47533029 23701719
64275735 98003704 28295879
8561806 16869093 51004647
8565303 75643172 24472780
75902052 80501646 76466712
53282111 11758778 61286322
66572482 44724887 71899359
641793 49196716 68001717
59547687 90595907 79503226
99668424 89957508 87349468
45617956 49324513 68402249
26322033 12777349 539943
89317809 73346610 80860892
39487535 94553822 28187574
83308342 3966150 87089993
73854131 20831751 79404596
18401184 31054320 91430019
70276695 24407015 39324528
44849918 25811729 26032609
31305065 10733940 16703232
86760369 40125470 78909132
80627561 45236470 80140252
898738 72704037 18554716
30412698 45107300 56663709
22107974 54048087 615528
35649391 11377024 87597785
71941403 85866960 56985936
93915712 40891039 60925433
76282209 27349404 99932570
41399632 18913396 49866816
21215493 86505449 50652324
85866238 44851282 48736477
52387220 3711270 98289127
69893520 26835731 56565047
83180622 4859757 73557313
34376350 90213407 93276667
55584491 53153792 2584992
52392397 90721109 36289593
21468538 44465470 6845134
6005780 7413051 37096631
47663330 66186979 8026907
67084449 59419668 86464221
27217388 28623305 35550207
32711642 28753462 75615259
34117390 32839981 38263388
60438275 26322894 27248176
84845003 60823813 63609119
58906434 50474971 76797032
640417 26070284 76599200
92639136 60314677 96494955
61463182 72065667 26888361
14823269 26579031 37175441
77564023 95960832 53484527
22618360 42171001 98410297
80241649 1664427 56737178
51750247 35524294 56355392
79097476 98901639 87503895
65036657 1917876 21487227
71683766 50729195 54572506
70022730 50984554 51423925
64530430 83695275 64698140
29776113 83441440 93460589
92638003 41272346 27101241
65931822 14570502 73291356
88166520 50985210 62449317
30926292 87147070 96958236
76792602 15589967 27570435
24915958 3194941 10282212
42553924 91746217 85410573
5623753 29136203 65892305
77303748 16486201 58189744
53538144 19938115 92449873
74236637 7159152 64783432
60823845 64146943 80880207
24151326 36926799 5936810
30539726 32583249 18335958
82546994 92892196 18526803
48303572 89316038 43581413
75644187 41531885 94205920
17252419 51113788 75976116
85486157 99280856 18553073
56732625 22489107 17299477
24535444 50347084 74883870
7539233 10353858 71115999
5243710 84204443 32350128
26582004 87142652 22704910
55841809 82930124 89707165
42042010 77942207 9648379
50472637 37569494 70293440
39485072 53158181 76350915
28111671 26452157 52287770
10863753 50986676 87088379
12779324 33733768 27755968
88422150 52391326 72720812
62482889 30412040 34048294
22491438 56476594 14343384
78965780 32970614 86328572
5754856 85100677 62969437
71939472 53412643 58126455
55456163 43828743 42792680
13544686 12271020 80603028
43831975 97112904 89005808
45490601 56352675 79120398
9842168 61076757 19871633
12268642 40635982 69149728
34882752 11377233 91110448
88677681 52133549 35230067
16355513 9200175 8518641
20960342 93149886 54555339
81903278 11375619 63983950
39613149 58264673 1816079
35012091 37694159 18054448
63507872 77432145 26970933
73214041 257356 30414998
69892676 12650623 18139708
65039812 54943961 25184317
29900579 27857855 55533939
95065716 41655444 23378386
89189420 62996334 69947567
53284825 57372976 47450129
60570412 99665806 45956782
53414286 85740356 76636155
36674184 55203799 97314289
36546114 50214956 1692221
33478965 40249241 11644682
42426531 98135713 99487495
9967942 27476728 92383391
54305771 36543222 1609112
15462477 32329652 51098473
60824932 82416152 41314349
47661749 39615112 91256814
80886019 94172782 66499235
78838189 36032324 4881014
11760096 83437948 34770545
63120698 12649668 2089023
61588895 37440411 48279106
45873662 52007961 71956198
22491286 53921930 27778476
88293723 41402384 65166260
93274938 8820656 72393749
642827 66575154 89633191
16356456 25049176 94706220
42933716 32459420 84625602
28239733 31306544 35591493
82925372 9840301 29698088
74496433 78583230 45903705
26579313 41915015 91020889
92766126 47151960 61525977
69765230 18149348 93413962
48170804 5367909 24133389
71170575 15462646 35170035
59031242 639380 8641425
62482319 20832050 84429889
96600834 72579906 79768646
14188136 89316935 58657292
8177734 4221930 91017159
66573972 69767317 53225557
65805934 46254533 10855917
12010868 3195658 22332831
57884758 59035615 74136391
27727865 18275656 68788871
99409274 29390752 49130054
3837445 71428705 58886262
88294141 48427710 28219757
38847240 70533992 53830400
22106773 33862880 50257705
8562893 35138302 11438789
95958334 11500641 17745057
19170765 80500305 53928525
1789790 16229472 38312735
93149856 54051129 51742422
47915022 1407129 27296986
95319757 16355237 4561443
97109091 24920717 83179454
72961361 48431890 98473017
50858298 76922980 59369366
41912078 41658730 78606188
16105243 97879579 89610651
59161661 45107866 66176471
26454953 99280142 6552875
67084715 63890330 62952810
80885137 79349008 31432669
97491293 6138790 95428474
69129116 64399585 32067007
43065100 93146661 352764
37697365 71937690 23462569
21726198 79989796 63738350
43828668 41532155 98743810
68619772 93789565 68222057
82925851 17890854 43872598
84462839 80244406 48001326
31944182 14955124 95182369
21977905 15462051 25169870
47918276 56097107 78756316
15977538 99025291 18239412
31050659 29899592 11269346
49964669 90085906 97851007
41914769 86886367 10290209
78330320 90212629 80200821
7671902 92638094 42801783
48555340 25813520 56133946
8181953 75130663 668605
24024990 61081294 96124992
38972725 32076740 95373783
71812041 59163473 75562150
61078266 45233396 28475534
88168816 89574082 85559627
5243558 81649779 45785220
63253299 93791028 92810698
6905263 92638303 46314446
29519502 65547657 360288
77558458 2429877 36753446
20320807 81903376 13022705
60438777 34760008 95902472
90335638 129437 27964012
47022176 27729936 53082953
1406942 24154077 83162856
34883839 29646442 51544590
83825083 98897549 18763265
31436723 76026299 21237328
32713626 62098550 13277408
57630983 88806484 69441923
76663932 516924 98007080
48048056 89825920 23233599
90594727 59670966 15062413
70408163 86506044 60652489
57755791 38970893 1286316
70024562 81774978 2521166
28625835 78071917 42200702
88934094 66699546 32805888
33988218 9329824 40045737
10352014 40123891 52370879
39994819 30541422 61087921
41275371 77942416 13161042
54562017 48302450 70458584
32839149 24279964 51462018
56986879 768791 36168455
87018211 78708670 6690138
53026618 12655221 95418294
88679825 88167757 71775469
94296918 5369340 48184206
67850267 45620912 99006005
62610191 22493107 84527477
36802109 57755627 36214545
87016949 57498236 5211302
60569842 90085816 96338377
50088922 30922430 22238436
50343655 17252667 55281924
5115473 76408831 8001711
49960571 21210820 7966338
91107629 90080292 3496509
91743492 39611498 30516316
97492167 20828108 18176695
40509751 95068958 96143738
5880835 54946083 60848771
95449279 45747844 84868482
47915790 14314905 72439871
66191329 81137357 23443254
32201378 42681002 80062516
74241419 87530226 94210187
54562724 60184999 64480456
93024219 89953717 23634131
76540971 81395044 59421369
12650669 18912830 40354054
21981881 82286683 12812513
31053533 78202910 96316406
39739630 36547193 68349709
29776721 93660096 39720221
65164742 7158824 59270736
25939550 26836509 69640893
64658758 93020324 24490452
60953549 96598424 32075036
71298485 17762369 31908850
86119952 14055186 2309932
54176508 11503628 67947566
5371696 87781498 22371397
26578180 22872684 21627175
49453348 86248447 26187004
73474453 82034546 70113248
45998645 5113595 44845285
84463797 96345512 76350346
34247079 65039357 47296776
78585737 88038854 52786395
1153106 52899719 27347375
46639442 37570539 87856755
76664061 2685027 30092202
92381689 28370242 77287660
56734693 57245983 60562425
96730044 96728729 74627524
23771382 93658932 20156873
5498732 75391903 96361991
59547299 84074791 772611
38205873 28497058 61200525
32071727 11120292 67670355
13289588 19806228 23308711
83692277 14310754 2674014
93150426 63631119 1360827
23002850 61843490 21451282
32331485 81905704 52149401
56604548 17382615 91834313
31182127 91998621 32597307
10225845 67085155 71285410
4091334 43573834 53504411
54049822 29775673 76046360
54435787 74238487 38252102
17894151 99285277 92856820
67976109 13163759 52481872
27472174 15844313 7396363
48172294 30410339 5459587
98004248 37438887 22665238
94937981 42296946 67684265
31948766 91998412 29084644
62996308 69510585 33298127
49069732 81265276 25894240
9330680 54432529 19481281
1278492 12778574 21128518
77816726 48172859 39906294
99796296 91618565 87447056
73471009 24151238 35447783
76155135 39100333 29300749
32330793 70275260 288970
10866520 97491645 12054854
28495188 29771435 4818294
512697 26963891 63066520
17636704 67340842 73649525
42294949 34120686 88235853
89315802 39614961 88718957
89572770 63508843 93751742
43575083 74496354 77255477
19166158 3070456 65546464
83436533 10988640 2478838
2177922 97113055 91543665
11244518 8053090 56813869
81136578 10350601 16375600
6774677 45363048 60053051
67597389 90467660 71539544
31436571 73471635 34672420
58395478 52772067 29383858
4601735 31948853 93460621
26198373 81907376 80250705
87524925 5116280 89972080
28370798 86632352 36027398
34246737 59291363 77525733
1918027 24025084 62661152
32715694 96855426 56540356
84076395 27731039 71621074
32966679 20193027 81788563
93021908 51112740 58362380
66701745 69764481 5560905
85352857 6391403 46127871
84846706 89446134 82621238
50599954 29902666 62934064
52003809 2173534 23363939
29260299 4090130 23338206
98770796 35909241 83708680
35905994 29136351 68379741
80375238 99411103 60130755
39100840 37821898 17480174
71046048 70021004 21975672
25173352 34248605 90686839
40893329 99413463 99795275
4605559 96218821 94538356
87527768 52898581 8221009
98514725 27091238 55903902
86119154 643200 72844165
60696087 64401884 70706300
28749944 16488233 92341568
82669438 3324857 46296777
44083758 33862491 43719782
5880873 55584749 57489998
58142205 90980050 93343686
21214938 77177564 43195360
71555628 44597476 77986329
50601505 55970323 95381275
45876072 92512831 84990189
29007026 42298113 87298034
26321805 8945353 20692581
16996082 37825123 71682749
91873546 77945429 63800533
18529185 34883480 23612729
5623844 30665640 1336200
20699877 10481925 76054421
46512847 57372021 31399444
44725741 86252537 94927634
59671043 16356552 26662648
54305163 26324566 55349480
32839400 28498521 85789166
17891984 62864508 1831632
26580856 67848216 11149755
4217047 8948578 74895156
18656198 22107324 43123537
13933213 99793368 42407669
32967652 36546238 52299024
8566740 99794831 66996310
91107515 88164294 13572828
49705002 20829931 48815856
17764918 74749893 43518156
15717210 18659889 84141961
21980338 56353482 92683647
79864168 99792201 22793900
87146144 81394954 57908739
80373459 69511450 47836182
60567470 50219612 79945613
36290256 44976844 11573364
45492342 85613662 94773744
88293533 38209054 81960125
89572268 55071729 25097446
94297412 13671998 4520157
35139393 29775226 68533631
77559051 12396428 40851637
95833982 69000224 45595388
85352530 895514 18518269
61973963 66827346 33256841
98004119 35270784 90580116
44086092 73090029 63471319
20316466 8944189 1129233
37439713 36547820 78887698
236 3966452 92165707
20063170 46765611 10609275
59546630 72830908 3391966
63376100 10223788 32513156
86761631 61335904 80387968
73598440 18400408 18012088
52515548 13036319 58081439
8945346 20574932 58014957
97491673 12525450 61840744
33988256 9968490 36686964
60056400 50600710 42608758
12524941 53285981 76801868
85225198 8310237 83716204
68871076 22488599 8761521
23259301 77048153 15668330
2176044 65549509 31486852
2046150 29904698 97085888
69894554 44214169 78196521
23643282 88165879 40211923
32715808 98771424 46464037
16740566 38335005 51334935
30287084 81396449 83035204
85097379 7539951 22421284
77430913 6264709 64265460
1024755 43188109 13075277
58522681 43189241 32100801
63763829 84334150 64852030
30282872 10605365 3226854
40125025 71430017 80937046
37184539 42805696 28310927
10863715 50348010 90447152
49454093 98769662 16850103
81009337 19294761 17017430
72704332 23512781 42319219
10480897 58776825 19620155
65039873 55969188 76305330
22494000 99536128 13942283
4092497 63120375 7221007
42169601 74880497 91095937
3327865 96852233 2875605
48175586 85738983 53560144
42294873 32843354 94953399
72704005 18016892 14709617
54820376 95574869 9055327
70535822 84587210 23064156
5244364 95196221 87569332
12523413 27604885 98834443
52902912 81012126 66169484
24153105 66826452 18231383
77180483 92254993 46474217
5624977 49707971 70729914
76541085 83311042 49345050
52899468 23128818 31504019
1155820 98513917 13511182
1536973 62101447 61967287
3326512 74112362 65952874
69128812 59290257 58937191
93535517 93404615 40818348
58013352 72831326 10417292
71427984 46768415 57736103
96854069 33733257 19167591
79859333 18530356 54564477
82545694 71043096 20406740
82673893 78200042 48113930
15719772 61719423 83740860
83950492 59162965 67024194
48426776 12522019 4175927
67467966 62738946 38994745
14950913 24408092 57425667
9201318 27729042 38057495
75003580 12268271 34400585
54048408 6010575 88002616
11118387 35653020 72369627
29647990 77561826 59035853
9970785 75259029 10632320
4856255 14699199 88818188
69641410 84590255 74241471
80757554 82545174 62303456
82546249 80370981 27863704
11246274 37566182 14628656
3067058 8436278 54603644
74621454 32327530 15434019
42293611 11632920 93474563
19039373 19678608 25883018
28879268 42553054 77124127
67595207 53794786 38352915
77049114 31819857 72908496
51242279 88040706 83912959
7416234 90593312 35889061
7798664 75643381 27985443
61718067 60950568 46496757
26069277 59674551 75315508
34374647 61591086 74264548
38335463 59032541 22471673
70022631 49320661 3661685
55965051 6774771 46942906
13804231 79476541 27396153
52773740 57501969 67951833
54942843 6394091 91305087
92127397 49451892 61777455
96857452 90591338 2712043
73219454 91233647 60581171
50217083 37440710 53304399
89572078 51878399 41891311
11499608 383426 1789841
93402886 11759045 65773791
84586507 11248835 80608909
18017507 25045922 40016242
46382337 11374098 38420503
13033312 7542790 70136357
27347997 76285121 76291388
28882476 96469910 19623885
53412910 62613924 85233638
24663179 49705582 30577991
57625935 3964748 63526579
65037615 18018982 49836247
82798937 32330903 72124030
36932239 97366890 62781216
48559430 94554150 33700270
13930119 47792510 89831592
52004022 5753425 61049860
84463949 98900176 62915254
76282513 32458732 73062386
58521153 17508145 54133376
98896775 5754647 81588014
29645808 40888952 25849224
22621127 88675970 23376772
49452238 67592677 11273076
69125733 7541504 48522555
71047675 97365993 47705337
73856465 60059289 99156133
74496585 81137894 32468613
41656965 48941833 79150430
27090398 41786022 70519185
51753341 87525152 8931469
29772403 21087470 82306535
67342101 94809538 31039092
55328998 54050235 36716964
70788358 33992468 80759574
61335576 74875272 3279362
52388056 17761922 24396121
77559568 21085647 51667374
94936567 18531848 79640521
22232965 7288177 85822960
56478531 46898543 97313752
91615164 30286449 70724004
68235540 78453282 9351316
86633546 56094956 42604459
897803 56989492 44685482
90083984 65547953 5335160
38208549 73472590 50723105
87145817 75899065 30299137
71426912 28751311 39463402
61332383 21210521 2941045
44212626 52263320 68807617
55582811 24918032 38052659
92510093 38972623 30362426
28111899 30284153 32135132
6645102 15079670 40943344
57630048 73091939 95572689
57244440 34629224 45299431
20320138 70659493 15642060
90213118 88419444 6911584
84843703 38974713 65489056
44725566 83311312 53882940
4988118 83436993 18719860
81396435 82799906 48616886
11248167 69381833 16846910
36037150 85991596 4259541
84843452 34756156 31161908
44596318 58523823 62382835
91874215 89189312 61181178
29389205 23129625 45067268
56478721 50091873 80519887
80625759 14950256 13365893
9583254 4476453 73817926
81266267 42549977 25408988
11628385 17254818 91433781
44341851 76664248 5827936
24661590 22999259 1489553
16614397 65296269 70249466
92638140 43574905 71504708
73728000 48431681 94960354
93914123 14184716 31836995
50216642 30028823 35771116
41271760 17252339 49769228
7798261 68870160 7093387
77176720 29010252 96517495
39741158 62228289 46317134
75770295 13545394 24170376
27475983 79862176 66312657
74494061 38717026 29510941
38205280 18530507 57102334
21723484 34375598 77574543
34118789 56352974 84145691
65550403 46512310 48346662
69385567 79604248 26284055
76028449 57372378 37399543
48170576 1535913 44286027
98644201 55710723 27251369
99924145 92893061 33064858
34628437 32072322 21120457
88802550 3323185 18195473
29135027 46127273 19480744
16485187 41147446 75390588
92767677 73219617 93973188
71684610 64914303 92997845
80758071 91234393 73119193
77560047 29136200 65841884
63633737 45361553 34926586
17763504 50984795 55474412
59543095 13418163 33282606
58139126 39231297 82929050
19294045 4983618 7805493
71682907 36291982 73985726
39356379 37698577 92307774
74877487 40506867 46597570
83693220 30159755 88861593
6011231 99028008 63904031
84846607 87782241 34858998
57754149 11373799 33395210
59415185 11118440 36543791
92381172 19681023 66471923
90980160 95192456 24290977
71299557 35779473 50181551
51750513 39994956 32843981
15333016 3962272 21912447
4983496 5755039 88176358
34245627 40635593 62611805
40763944 72323415 63891703
33604853 8565210 74080121
31177117 7795551 23323190
78457690 83436572 11644113
2943124 72961187 45507472
65677834 40761480 30910967
12649673 2173058 15363807
88803797 24281514 77512868
53921030 12652176 44240979
48941845 79352114 83635211
73342141 5750409 10359948
10482775 90340371 79676968
47024244 62486812 96345901
89189192 59164338 90100205
73600371 50854725 16871569
78841747 95831630 29470160
4219145 44209664 2480986
65549065 24024544 53585372
22617212 22876565 86855142
85097151 3707955 42573922
41913781 70281051 97618307
88040868 86635693 92179585
85100496 59927370 29477147
76153379 9587241 71485962
69641220 81396925 91035336
33226247 87785109 83061474
37951581 49578708 45690320
74113752 89314604 19480175
11244731 11632981 94499790
96213318 2049435 85115693
13416890 11887295 73787894
14058888 64529446 67157187
24408431 63123240 55373062
77305983 54049846 30179041
80882484 34760037 96389875
58907004 60054961 26415437
56603590 1281509 63485293
6005993 10992942 74782552
8820264 65805405 37363630
69894151 37440948 57304465
33480037 58266345 29917383
42681659 91104715 41104694
19550557 21213508 53143554
83183161 47532730 18676426
53794078 26453559 75851184
49451303 51878132 37403842
60695494 54435333 66608109
38078898 41911880 38330944
90339713 68617962 63368895
84206943 74367628 61241242
91618684 89447089 98671923
51624496 69510884 38323420
2046933 43064579 84390214
72959734 21086901 72743352
83824437 88040227 75862406
78326359 23640102 34719619
41148670 95962356 79098395
98642597 28752295 56001490
38720288 84335375 85440605
17507053 35780132 61257364
25938881 15592626 72260248
78072683 55074864 77787391
54946819 73218723 78947730
50343579 15975335 61999470
59925966 5880119 42912271
10990013 25554849 3617743
34502017 54815029 5707840
55201430 57498506 9749192
30027075 6392480 64229010
20065124 79606489 63948542
26707542 49576171 3050961
32842517 80885940 92845029
63380996 92510860 51863592
58908859 91231946 31992464
95960729 51753406 88617607
87780357 3194610 4719095
47279547 58397039 79007794
84458939 14697106 53641137
27093553 94812107 74216275
38844929 31693015 88558649
99664980 32074200 52684003
62868421 67597423 91039098
67976565 20827751 12176596
43446656 63507412 69700925
10864574 64785223 71033932
94170673 31053272 73816283
89319337 99027706 58828317
16232005 80884866 74794311
91105341 51625876 92704544
87908617 11376783 83547298
45360334 14438853 8150260
94427048 44980603 74750877
95068681 91488199 43869341
33865797 99283724 66755549
61076259 11501747 36333599
66447932 98896684 4225210
40123991 54051579 59305572
67082442 25688019 94322286
8947885 63247905 3134070
81394177 44849700 22147803
31948842 93275744 22367098
36545810 45105628 28562405
85991472 2175473 55952712
71044634 46255906 33931928
39609880 3322590 8195308
70790768 74497338 93793565
77432137 26836477 69103069
24791971 66829079 62383372
26832799 7286923 64746982
73344551 46255279 23393939
32970480 84076434 28386512
16486449 62357880 76869424
72961680 53793323 13764274
61970063 1280046 38896652
57758072 77307660 82235185
89826294 29519417 64119062
59292475 96215117 32285228
84461828 63252529 80849638
40892675 88421685 44576071
23260320 94174486 95138363
75388937 46512429 50346695
95449142 43445285 40465015
90849285 43059978 7061207
53920323 769627 50219107
33350120 22234973 41036633
67852137 77050002 46744473
21594920 21084097 25616524
80629659 80497556 7726082
1407223 28876844 1812886
54177861 34243499 4870297
92130210 96729983 95703502
60694536 38334227 38259089
30156726 37953190 76621171
92638543 50348126 92396764
55458436 82031054 11423204
53156801 53157255 60787633
71428904 62230855 89443896
73090472 70916820 45569655
28878827 35141167 59590844
20445030 22235690 53087252
30795721 40123920 52858282
29390140 38844170 18936502
61972891 48810242 14984140
81137954 33477033 7778117
24281266 73344732 49297346
70787438 18530028 49051781
21849919 11884996 35148601
69003312 97495404 75232367
2942455 61717304 48126827
15976352 79092189 10043030
27472022 13289649 20831455
24407937 54820582 99037111
98132044 37822612 29480372
25174576 54820373 95524448
76537892 29646291 49006733
23132805 98513528 6973259
29902069 52900285 36860137
20317637 28625186 67164174
4476668 77431431 14970735
39227283 15465752 87372577
81138380 40636815 83149959
41273752 50731883 99749722
20065048 78329157 70666088
28114522 74368914 82855044
49324024 60183626 41404445
84716249 44338982 28444965
88294202 49452937 79340770
41913127 59289273 42399103
77687227 19166813 14079041
90465274 31438042 98194732
39227564 20188519 6022607
45998417 1281599 64997923
44087658 99409791 38079971
11503128 59544066 29737760
94296781 3066781 3780739
65167380 51495690 52152089
37441393 64783580 43420031
25431118 71554473 25185391
23899330 96597321 13536915
9968801 41913941 72970171
84462071 67336630 2858441
46258707 81008335 2454147
35521344 6774742 46455503
4094375 94683921 67277820
67724326 76414172 97767898
19296820 51623043 45090313
55842440 93535341 90446583
27091447 59416565 34312100
13162408 29775615 75071554
79352452 89315977 42556186
55330739 83311222 52370310
38972223 23639626 26719487
26198084 77050153 49282330
33354324 92891601 8526638
87910487 42805873 31285766
48430243 70791888 93321178
36163935 69383444 43922987
60825563 93021369 42053767
39866050 13804486 83762326
16869913 64786387 90597280
30285305 51496796 70740631
37186736 79730675 3658997
5370989 75898949 28349525
37952098 58267927 56506057
87654971 43315755 10937952
72449029 27602554 59657326
90591306 2174219 34876734
90977659 53158149 75813091
50857606 65292536 7508935
1150985 17252072 45281759
65553482 98261063 58761298
35778350 31307290 48129515
20447972 71681884 19098421
28498343 82797520 8515384
89826484 32712747 47325197
24281532 77815394 25785935
28499263 98259960 40223177
11117353 18274582 50738153
78711541 54943035 9621035
90080487 6773874 31867027
82930367 93791266 96810764
13675272 59546275 66864423
52645427 48429025 50320962
42550579 35526802 98507348
50857287 59931103 92217678
99793308 41399249 12476315
8561616 13675763 67798512
21721705 4475945 65279970
89319375 99666372 55469544
56350697 45876152 93857391
23642879 81392658 19319867
90595799 77688070 33335114
23260221 92510593 47376123
19554191 82290146 71015154
62099372 27092762 81517770
54947298 81269276 93122240
42676611 6262979 35189350
36032657 10477745 5801161
73726715 26834686 39001732
98131261 24662731 42176046
21338530 6904661 82520489
15462553 33606984 44380927
30925334 71045964 68609216
35011924 34887390 89328099
62739857 54305922 39081079
19550785 25045504 32990916
32457388 50473778 56746281
38592028 76153202 6612402
66315400 18915007 76942893
80244515 49833289 29465893
13036619 63123539 60398355
4857076 28497746 72763741
35142700 85355975 58795629
47023415 48553809 82003
67210481 30155845 23146223
8305720 7798985 81038428
42932454 11248986 83146766
1399 23512993 45882303
27985137 47278866 46951472
28113891 63763697 82115626
15973220 26452665 60825726
56990095 54820103 90986558
16612808 38589946 41161028
89827480 49452519 72315444
66698940 22620846 83953203
63891070 75389990 64210200
14312891 38590573 51699017
3835552 39613054 56668008
25044537 16738547 4401672
34246007 47022253 29024075
73858563 95320375 26741963
79731674 20449190 92152810
68105608 42169805 78309125
42809318 89185881 3516361
2560291 81137897 32519034
89317269 64270830 15565369
38971858 17505071 2468658
75771215 29007834 55878169
75132387 29643873 8367407
14312435 30926581 92004293
35266383 16612509 33564653
2815708 78964122 5104608
31436039 64530311 81695242
90977005 42166371 20593887
50218246 56987251 7020995
90975743 20955937 19115051
37698513 91232126 35017724
5750819 17250818 24205781
65677431 33988259 10018911
61335941 81009827 27530191
58650264 39993075 1230014
36165197 90593878 45401823
73725757 10733580 10652712
10989291 13420195 67434430
88422051 50727433 24958572
33349451 10991090 43655988
17379812 44724292 61899194
63507606 72961483 50482344
65421900 34246036 47509656
50730540 77177921 49195459
61972336 39482357 7527176
78584095 60441760 84895289
37951178 42805487 24798264
47662950 59800319 41614637
89318364 82674495 88317856
49450041 30667698 35925006
33735059 49453805 93929246
10095464 23255335 10391591
34244768 26198380 82025025
67339638 53413897 79202433
36801516 47789076 32116354
21338583 7795432 21323157
48555910 35393510 5752351
64783627 44209960 7455858
25814681 75646873 86675487
13035623 46383767 35408108
27475945 79223510 69671430
3706205 13161672 17405663
88933638 59035554 73111164
55202981 83566163 42196403
98260129 43063560 67263881
81138874 48939473 39485910
642310 57885935 78817454
84075726 16487156 74240429
36164946 86375321 11074675
96474414 95322613 64356029
80242508 16101640 37323958
7161197 99153747 29715757
7158848 59674104 67802779
79989729 62612281 57619737
88933577 58010327 21990151
72962083 60566544 34656330
51369634 81012544 73194810
61204397 17633466 12919776
48171207 12141130 45025445
83437643 29644410 17392766
69127489 37054596 6337342
78329020 68363529 82080758
65421406 25943378 91173705
26197050 59671715 27650856
81267088 56348524 9354541
19552488 53667825 52003035
86121716 43702734 72443064
62227130 26837821 91691677
93021353 41784855 50905416
68998264 12653668 69317023
52647609 85101899 83507591
4731097 58652340 74884407
72708787 98387966 44136372
65808040 81650075 50760092
92380214 3579917 38122903
3482 58521974 31306692
7416599 96727867 60139890
91235182 86379916 88302840
74108856 7027532 129739
44982017 98515975 48099988
84974730 93661855 69283734
51750627 41910954 22767662
80114735 16104476 84988610
6775688 62354925 27204739
17762911 41018244 51376221
13549293 89700869 68985089
24791591 60442419 95971102
29517571 33093340 1500807
56737194 99280290 9040311
44593467 10607066 31815561
94937829 39742282 81119357
54436684 89314366 15480109
39996370 56609079 93535132
46126783 11245314 21431462
13420805 77686700 10309524
36292780 87397712 14531036
97878900 78198698 25525322
64017680 55840613 62828952
65548221 9839436 15160033
28114423 72705021 35092804
66316198 32326993 6408660
60309179 4090069 22312979
9710860 1666848 97426925
76154618 30411114 18485012
81525037 96730073 97216132
91490926 89702030 88498016
13420539 73216038 33820935
92891132 644155 88894850
46768211 54307475 65182350
66317217 49453326 85878693
45492608 90084324 71262333
18783059 6776504 76069437
67851567 67470012 97126068
85736952 19425127 60595145
8178555 18020477 74962712
99285013 88419772 12424280
79987684 28241966 68836575
97878885 77946593 83363881
75775252 96857693 94641825
53157067 57627917 37276222
79607489 80755542 48729490
82290718 80628758 65354449
70020016 5370356 65260118
54690216 55459396 98165774
98769914 21085467 48642114
7543437 81010486 38606004
61844814 43703750 89518976
81648644 26709275 78702702
19294106 6008845 58926506
56731941 10993119 77757391
73985576 82544219 46252771
46642977 96983284 57966115
54049267 20447788 68589396
52772972 44594193 22808948
89063114 87655039 44458631
63123070 52515872 18481787
85610114 35142508 82129031
24921470 95835125 88210625
28367970 39102156 59939910
127933 2686284 51218601
56093303 14822488 13452764
39994036 17381541 73783595
26832951 9841587 51311890
89318402 83313161 84959083
30028428 29132351 1151741
90591884 11888665 96813484
39486942 84587271 24089383
31691091 56221981 30029987
2941999 54053312 88432103
21215782 91362672 81620699
41657459 57244491 35486381
78327469 42295872 49633547
5880622 51366192 23162850
27857189 44340477 53571430
79603855 19678904 30857890
42169654 75771268 29898605
14315818 87784662 75548745
34500337 26579269 41175507
45619963 83056162 60544184
7156856 26194560 17822285
64912708 66190680 70229614
5622719 11757765 44260831
79605733 51242450 90914703
7158004 45488996 29377440
26706379 30029630 49334365
53793462 16100447 17273207
2815670 78325456 8463381
80245701 69766391 37662275
64781430 7284981 32107788
60185709 76413426 85229876
17253050 61719005 76715534
82163492 89825023 8157720
99152131 2555645 3052575
10733988 17509968 84772537
60056248 48046046 56043850
61975453 91869776 14583039
54180256 74496264 75742847
81907368 80116249 41550274
59160931 32838756 17674813
44467412 39484328 40653773
58392916 9712533 29784959
28366495 14311831 20775153
52898913 13800933 24047055
94937639 36548952 97913222
60694840 43443555 11388905
92894264 53283679 38112154
67082457 25940124 36483727
60185245 68614978 13216807
5624285 38077527 18869483
98900576 69638054 28185963
15205296 4855879 8379767
92894226 52645013 41470927
67724607 81136939 16417928
24791013 50727973 34034352
95065298 34630118 60324889
32841559 64784834 64496009
27471969 12398878 82028787
30285092 47916905 33054710
89700733 66699337 29293225
69897002 85357705 87871739
3453715 64529536 68669817
25174340 50853921 3358741
95064895 27856897 39432833
62739188 43062039 41700434
76157089 71941211 82640016
36548562 91358492 11367439
58906890 58138963 36491756
92253315 18272071 8535776
81651472 74239471 54790190
60440206 58777211 26107657
20571891 6904870 86033152
54309200 94174425 94113136
33481375 80754111 24678673
5755373 93789896 73785174
13929374 35271295 99168493
12523580 30411654 27560792
8818044 28493865 7535774
60185321 69892310 6499261
17381378 71044054 36507846
53285912 75642185 7884271
48557248 57881276 513641
30284043 30286362 69261795
94685658 96471579 47674768
14825580 65420008 2447192
82416393 45364836 90103967
94683157 54437272 99196882
72703967 17378226 18068390
33479254 45106464 42613057
15972627 16486114 56727535
4859463 68616055 31317946
69894440 42298171 88272840
3833887 11629399 34297116
17253088 62357671 73356761
21085500 49196745 68489120
7030284 46382603 15844760
9966984 11375622 64034371
80497142 767984 22605206
18021080 85097333 6766829
96214215 17125314 62343700
25811541 22872893 25139838
27089463 26071477 96649951
57755320 31054796 99430151
31053685 80757574 82881314
93277994 60182848 28328599
51748202 1153979 67572230
62996422 71426583 23221808
22232577 767061 7092345
56475756 259118 60028932
25300821 29136441 69892371
51620938 9711578 13734274
24021508 2559320 64818300
80630465 94043998 49510194
88164817 22362889 43437198
1536228 49580232 71304188
34502116 56478922 53470080
30923768 44726202 94000564
71297915 8182379 82290445
71685431 78712850 76943398
9076586 78841965 99495556
8181497 67466671 40973881
67849362 30410577 9459653
57883192 32715853 99527739
28112378 38334706 46309642
23131528 77050989 63332982
24410552 98770887 37438678
66059770 17508891 66671398
82418111 74239262 51277527
24921447 95448564 33730839
44468735 61719989 93253622
81906068 58267149 43430211
73344148 39482058 2501883
89573477 75391392 87773614
68746283 72576295 19078569
3581876 71047816 99735780
25427165 5116402 92022534
77047981 12777526 3514782
51240477 57754492 17138600
71813432 82542010 9126108
21977981 16739383 18452324
3195462 19038659 7678410
68873083 56220248 903456
79986323 5367639 19595499
72578102 49448818 10112737
20958662 64914126 90023006
73216124 35266337 15839387
63886805 3708135 45599182
89828126 60309841 15216303
51621265 15207467 41343876
24277807 15209319 72470440
25173580 38080601 70534201
20831801 80244946 57077106
1536152 48302900 78021734
9970770 75006924 68470879
91489664 68491596 87019180
52643534 16613374 48102708
25939991 34248396 87174176
54053608 93406975 80482868
53921433 19425397 65133035
69897610 95576361 34131371
69129230 66315583 21990688
22618816 49834993 58105021
76665399 25172793 24853492
28493531 1922236 94765747
65420296 7287608 76259777
5880166 43702200 63468126
15718472 39870323 85620797
54561401 37949338 11880607
13805075 93661649 65821492
84714470 14439329 16150392
7286621 59671268 20138127
63505903 44339162 31470225
86762756 80243779 37463337
76921850 40377456 19070540
17761436 16227919 12211464
10353200 60056993 60567261
58776228 9586376 56947907
2938935 2556664 20178908
56476767 17250995 27180620
